{"autoClear":true,"clearColor":[0,0,0],"ambientColor":[0,0,0],"gravity":[0,-9.81,0],
"materials":[{"name":"jett.Material","id":"jett.Material","ambient":[0.7501,0.7471,0.8],"diffuse":[0.6,0.5977,0.64],"specular":[0.5,0.5,0.5],"emissive":[0,0,0],"specularPower":50,"alpha":1,"backFaceCulling":true}],
"multiMaterials":[],
"skeletons":[{"name":"Armature","id":0,"bones":[
{"name":"Bone","index":0,"matrix":[1,0,0,0,0,1,0,0,0,0,-1,0,0,1.0275,0,1],"parentBoneIndex":-1,"animation":{"dataType":3,"framePerSecond":24,"keys":[{"frame":0,"values":[1,0,0,0,0,1,0,0,0,0,-1,0,0,1.0275,0,1]},{"frame":81,"values":[1,0,0,0,0,1,0,0,0,0,-1,0,-0.334,1.0275,0,1]},{"frame":82,"values":[1,0,0,0,0,1,0,0,0,0,-1,0,-0.6679,1.0275,0,1]},{"frame":83,"values":[1,0,0,0,0,1,0,0,0,0,-1,0,-0.578,1.0362,0,1]},{"frame":84,"values":[1,0,0,0,0,1,0,0,0,0,-1,0,-0.3706,1.0549,0,1]},{"frame":85,"values":[1,0,0,0,0,1,0,0,0,0,-1,0,-0.2347,1.0636,0,1]},{"frame":86,"values":[1,0,0,0,0,1,0,0,0,0,-1,0,-0.1777,1.0628,0,1]},{"frame":87,"values":[1,0,0,0,0,1,0,0,0,0,-1,0,-0.1276,1.0604,0,1]},{"frame":88,"values":[1,0,0,0,0,1,0,0,0,0,-1,0,-0.0858,1.0565,0,1]},{"frame":89,"values":[1,0,0,0,0,1,0,0,0,0,-1,0,-0.053,1.0513,0,1]},{"frame":90,"values":[1,0,0,0,0,1,0,0,0,0,-1,0,-0.0293,1.0455,0,1]},{"frame":91,"values":[1,0,0,0,0,1,0,0,0,0,-1,0,-0.014,1.0397,0,1]},{"frame":92,"values":[1,0,0,0,0,1,0,0,0,0,-1,0,-0.0054,1.0346,0,1]},{"frame":93,"values":[1,0,0,0,0,1,0,0,0,0,-1,0,-0.0015,1.0307,0,1]},{"frame":94,"values":[1,0,0,0,0,1,0,0,0,0,-1,0,-0.0002,1.0283,0,1]},{"frame":95,"values":[1,0,0,0,0,1,0,0,0,0,-1,0,0,1.0275,0,1]},{"frame":120,"values":[1,0,0,0,0,1,0,0,0,0,-1,0,0,1.0275,0,1]}],"loopBehavior":1,"name":"anim","property":"_matrix"}},
{"name":"Bone.001","index":1,"matrix":[1,0,0,0,0,1,0,0,0,0,1,0,0,0.4646,0,1],"parentBoneIndex":0,"animation":{"dataType":3,"framePerSecond":24,"keys":[{"frame":0,"values":[1,0,0,0,0,1,0,0,0,0,1,0,0,0.4646,0,1]},{"frame":81,"values":[0.9763,-0.2166,0,0,0.2166,0.9763,0,0,0,0,1,0,0.1805,0.4697,0,1]},{"frame":82,"values":[0.9062,-0.4229,0,0,0.4229,0.9062,0,0,0,0,1,0,0.361,0.4827,0,1]},{"frame":83,"values":[0.9397,-0.342,0,0,0.342,0.9397,0,0,0,0,1,0,0.2695,0.5028,0,1]},{"frame":84,"values":[0.9877,-0.1565,0,0,0.1565,0.9877,0,0,0,0,1,0,0.0735,0.5271,0,1]},{"frame":85,"values":[0.9983,-0.0582,0,0,0.0582,0.9983,0,0,0,0,1,0,-0.0181,0.5368,0,1]},{"frame":86,"values":[0.999,-0.044,0,0,0.044,0.999,0,0,0,0,1,0,-0.0177,0.5352,0,1]},{"frame":87,"values":[0.9995,-0.0316,0,0,0.0316,0.9995,0,0,0,0,1,0,-0.0164,0.5304,0,1]},{"frame":88,"values":[0.9998,-0.0213,0,0,0.0213,0.9998,0,0,0,0,1,0,-0.0145,0.5226,0,1]},{"frame":89,"values":[0.9999,-0.0131,0,0,0.0131,0.9999,0,0,0,0,1,0,-0.0119,0.5123,0,1]},{"frame":90,"values":[1,-0.0073,0,0,0.0073,1,0,0,0,0,1,0,-0.009,0.5007,0,1]},{"frame":91,"values":[1,-0.0035,0,0,0.0035,1,0,0,0,0,1,0,-0.0061,0.4891,0,1]},{"frame":92,"values":[1,-0.0013,0,0,0.0013,1,0,0,0,0,1,0,-0.0036,0.4789,0,1]},{"frame":93,"values":[1,-0.0004,0,0,0.0004,1,0,0,0,0,1,0,-0.0016,0.471,0,1]},{"frame":94,"values":[1,0,0,0,0,1,0,0,0,0,1,0,-0.0004,0.4662,0,1]},{"frame":95,"values":[1,0,0,0,0,1,0,0,0,0,1,0,0,0.4646,0,1]},{"frame":111,"values":[0.9999,0.0111,0.0002,0,-0.0111,0.9999,0.0011,0,-0.0002,-0.0011,1,0,-0.0191,0.4707,0.0021,1]},{"frame":112,"values":[0.9991,0.0425,0.001,0,-0.0425,0.9991,0.0042,0,-0.0008,-0.0042,1,0,-0.0731,0.4887,0.0078,1]},{"frame":113,"values":[0.9966,0.0827,0.0021,0,-0.0827,0.9965,0.0081,0,-0.0014,-0.0082,1,0,-0.1423,0.514,0.0153,1]},{"frame":114,"values":[0.9935,0.1139,0.003,0,-0.114,0.9934,0.0111,0,-0.0018,-0.0113,0.9999,0,-0.1963,0.5382,0.021,1]},{"frame":115,"values":[0.9922,0.125,0.0034,0,-0.125,0.9921,0.0121,0,-0.0019,-0.0125,0.9999,0,-0.2154,0.5549,0.0231,1]},{"frame":116,"values":[0.9951,0.0987,0.0026,0,-0.0988,0.9951,0.0096,0,-0.0016,-0.0098,1,0,-0.198,0.5655,0.0215,1]},{"frame":117,"values":[0.9991,0.0423,0.001,0,-0.0423,0.9991,0.0041,0,-0.0008,-0.0042,1,0,-0.1609,0.5715,0.018,1]},{"frame":118,"values":[0.9999,0.0159,0.0003,0,-0.0159,0.9999,0.0016,0,-0.0003,-0.0016,1,0,-0.1435,0.5729,0.0164,1]},{"frame":120,"values":[0.9999,0.0159,0.0003,0,-0.0159,0.9999,0.0016,0,-0.0003,-0.0016,1,0,-0.1435,0.5729,0.0164,1]}],"loopBehavior":1,"name":"anim","property":"_matrix"}},
{"name":"Bone.002","index":2,"matrix":[-1,0,0,0,0,-0.9847,0.174,0,0,0.174,0.9847,0,-0.1809,1.4357,1.7283,1],"parentBoneIndex":1,"animation":{"dataType":3,"framePerSecond":24,"keys":[{"frame":0,"values":[-1,0,0,0,0,-0.9847,0.174,0,0,0.174,0.9847,0,-0.1809,1.4357,1.7283,1]},{"frame":1,"values":[-1,-0.0046,0.0004,0,0.0046,-0.9847,0.174,0,-0.0004,0.174,0.9847,0,-0.1803,1.4359,1.7283,1]},{"frame":2,"values":[-0.9998,-0.0184,0.0016,0,0.0184,-0.9846,0.174,0,-0.0017,0.174,0.9848,0,-0.1785,1.4365,1.7282,1]},{"frame":3,"values":[-0.9991,-0.0415,0.0035,0,0.0415,-0.9839,0.174,0,-0.0037,0.174,0.9848,0,-0.1754,1.4375,1.7281,1]},{"frame":4,"values":[-0.9972,-0.0739,0.0063,0,0.0739,-0.982,0.1738,0,-0.0067,0.1738,0.9848,0,-0.1712,1.4389,1.728,1]},{"frame":5,"values":[-0.9933,-0.1151,0.0098,0,0.1151,-0.9781,0.1735,0,-0.0104,0.1734,0.9848,0,-0.1659,1.4407,1.7279,1]},{"frame":6,"values":[-0.9863,-0.1644,0.014,0,0.1644,-0.9711,0.1729,0,-0.0148,0.1728,0.9849,0,-0.1595,1.4428,1.7277,1]},{"frame":7,"values":[-0.9752,-0.2206,0.0188,0,0.2205,-0.9601,0.1719,0,-0.0199,0.1718,0.9849,0,-0.1522,1.4452,1.7275,1]},{"frame":8,"values":[-0.9592,-0.2817,0.024,0,0.2816,-0.9443,0.1706,0,-0.0254,0.1704,0.9851,0,-0.1441,1.4479,1.7272,1]},{"frame":9,"values":[-0.9379,-0.3457,0.0295,0,0.3456,-0.9231,0.1688,0,-0.0312,0.1685,0.9852,0,-0.1355,1.4508,1.727,1]},{"frame":10,"values":[-0.9114,-0.4101,0.0349,0,0.4099,-0.8968,0.1665,0,-0.037,0.1661,0.9854,0,-0.1267,1.4537,1.7268,1]},{"frame":11,"values":[-0.8804,-0.4725,0.0403,0,0.4723,-0.8661,0.1639,0,-0.0426,0.1633,0.9857,0,-0.1179,1.4566,1.7265,1]},{"frame":12,"values":[-0.8464,-0.5307,0.0452,0,0.5304,-0.8323,0.1611,0,-0.0478,0.1603,0.9859,0,-0.1093,1.4595,1.7263,1]},{"frame":13,"values":[-0.8109,-0.583,0.0497,0,0.5828,-0.7971,0.1581,0,-0.0526,0.1571,0.9862,0,-0.1012,1.4621,1.726,1]},{"frame":14,"values":[-0.776,-0.6285,0.0535,0,0.6282,-0.7624,0.1551,0,-0.0567,0.154,0.9865,0,-0.0939,1.4646,1.7258,1]},{"frame":15,"values":[-0.7433,-0.6666,0.0568,0,0.6663,-0.73,0.1523,0,-0.0601,0.1511,0.9867,0,-0.0875,1.4667,1.7256,1]},{"frame":16,"values":[-0.7143,-0.6973,0.0594,0,0.697,-0.7013,0.1499,0,-0.0629,0.1485,0.9869,0,-0.0822,1.4685,1.7255,1]},{"frame":17,"values":[-0.6904,-0.7208,0.0614,0,0.7205,-0.6775,0.1479,0,-0.065,0.1463,0.9871,0,-0.078,1.4699,1.7254,1]},{"frame":18,"values":[-0.6722,-0.7377,0.0628,0,0.7374,-0.6594,0.1463,0,-0.0665,0.1447,0.9872,0,-0.0749,1.4709,1.7253,1]},{"frame":19,"values":[-0.6603,-0.7483,0.0637,0,0.748,-0.6476,0.1453,0,-0.0675,0.1436,0.9873,0,-0.0731,1.4715,1.7252,1]},{"frame":20,"values":[-0.655,-0.7529,0.0641,0,0.7526,-0.6423,0.1449,0,-0.0679,0.1432,0.9874,0,-0.0725,1.4717,1.7252,1]},{"frame":21,"values":[-0.6598,-0.7487,0.0638,0,0.7484,-0.6472,0.1453,0,-0.0675,0.1436,0.9873,0,-0.0725,1.4717,1.7252,1]},{"frame":22,"values":[-0.6786,-0.7319,0.0623,0,0.7315,-0.6658,0.1469,0,-0.066,0.1453,0.9872,0,-0.0725,1.4717,1.7252,1]},{"frame":23,"values":[-0.711,-0.7007,0.0597,0,0.7004,-0.6979,0.1496,0,-0.0632,0.1482,0.987,0,-0.0725,1.4717,1.7252,1]},{"frame":24,"values":[-0.7557,-0.6525,0.0556,0,0.6523,-0.7423,0.1534,0,-0.0588,0.1522,0.9866,0,-0.0725,1.4717,1.7252,1]},{"frame":25,"values":[-0.81,-0.5844,0.0498,0,0.5841,-0.7961,0.158,0,-0.0527,0.157,0.9862,0,-0.0725,1.4717,1.7252,1]},{"frame":26,"values":[-0.869,-0.4931,0.042,0,0.4929,-0.8547,0.163,0,-0.0445,0.1623,0.9857,0,-0.0725,1.4717,1.7252,1]},{"frame":27,"values":[-0.9257,-0.3769,0.0321,0,0.3767,-0.911,0.1678,0,-0.034,0.1674,0.9853,0,-0.0725,1.4717,1.7252,1]},{"frame":28,"values":[-0.9713,-0.2369,0.0202,0,0.2368,-0.9563,0.1716,0,-0.0214,0.1715,0.985,0,-0.0725,1.4717,1.7252,1]},{"frame":29,"values":[-0.9969,-0.0783,0.0067,0,0.0782,-0.9817,0.1738,0,-0.0071,0.1738,0.9848,0,-0.0725,1.4717,1.7252,1]},{"frame":30,"values":[-0.996,0.0894,-0.0076,0,-0.0893,-0.9807,0.1737,0,0.0081,0.1737,0.9848,0,-0.0725,1.4717,1.7252,1]},{"frame":31,"values":[-0.967,0.254,-0.0216,0,-0.2539,-0.9519,0.1712,0,0.0229,0.1711,0.985,0,-0.0725,1.4717,1.7252,1]},{"frame":32,"values":[-0.9139,0.4045,-0.0345,0,-0.4043,-0.8993,0.1668,0,0.0365,0.1663,0.9854,0,-0.0725,1.4717,1.7252,1]},{"frame":33,"values":[-0.845,0.5329,-0.0454,0,-0.5327,-0.8309,0.1609,0,0.048,0.1602,0.9859,0,-0.0725,1.4717,1.7252,1]},{"frame":34,"values":[-0.7697,0.6361,-0.0542,0,-0.6358,-0.7562,0.1546,0,0.0573,0.1534,0.9865,0,-0.0725,1.4717,1.7252,1]},{"frame":35,"values":[-0.6966,0.7149,-0.0609,0,-0.7146,-0.6836,0.1484,0,0.0644,0.1469,0.9871,0,-0.0725,1.4717,1.7252,1]},{"frame":36,"values":[-0.6319,0.7723,-0.0658,0,-0.7719,-0.6194,0.1429,0,0.0696,0.1411,0.9876,0,-0.0725,1.4717,1.7252,1]},{"frame":37,"values":[-0.5795,0.812,-0.0692,0,-0.8117,-0.5675,0.1385,0,0.0732,0.1364,0.988,0,-0.0725,1.4717,1.7252,1]},{"frame":38,"values":[-0.5415,0.8377,-0.0714,0,-0.8373,-0.5297,0.1353,0,0.0755,0.133,0.9882,0,-0.0725,1.4717,1.7252,1]},{"frame":39,"values":[-0.5187,0.8519,-0.0726,0,-0.8515,-0.5071,0.1333,0,0.0768,0.131,0.9884,0,-0.0725,1.4717,1.7252,1]},{"frame":40,"values":[-0.5111,0.8564,-0.073,0,-0.856,-0.4996,0.1327,0,0.0772,0.1303,0.9885,0,-0.0725,1.4717,1.7252,1]},{"frame":41,"values":[-0.5186,0.8519,-0.0726,0,-0.8515,-0.507,0.1333,0,0.0768,0.131,0.9884,0,-0.0725,1.4717,1.7252,1]},{"frame":42,"values":[-0.5413,0.8378,-0.0714,0,-0.8374,-0.5296,0.1353,0,0.0755,0.133,0.9882,0,-0.0725,1.4717,1.7252,1]},{"frame":43,"values":[-0.5791,0.8123,-0.0692,0,-0.812,-0.567,0.1385,0,0.0732,0.1364,0.988,0,-0.0725,1.4717,1.7252,1]},{"frame":44,"values":[-0.6311,0.7729,-0.0658,0,-0.7726,-0.6187,0.1428,0,0.0697,0.141,0.9876,0,-0.0725,1.4717,1.7252,1]},{"frame":45,"values":[-0.6954,0.7161,-0.061,0,-0.7157,-0.6824,0.1483,0,0.0645,0.1468,0.9871,0,-0.0725,1.4717,1.7252,1]},{"frame":46,"values":[-0.768,0.6381,-0.0544,0,-0.6378,-0.7545,0.1544,0,0.0575,0.1533,0.9865,0,-0.0725,1.4717,1.7252,1]},{"frame":47,"values":[-0.843,0.536,-0.0457,0,-0.5358,-0.8289,0.1608,0,0.0483,0.16,0.9859,0,-0.0725,1.4717,1.7252,1]},{"frame":48,"values":[-0.9118,0.4092,-0.0349,0,-0.409,-0.8972,0.1666,0,0.0369,0.1661,0.9854,0,-0.0725,1.4717,1.7252,1]},{"frame":49,"values":[-0.9652,0.2606,-0.0222,0,-0.2605,-0.9502,0.1711,0,0.0235,0.1709,0.985,0,-0.0725,1.4717,1.7252,1]},{"frame":50,"values":[-0.9952,0.0978,-0.0083,0,-0.0978,-0.9799,0.1736,0,0.0088,0.1736,0.9848,0,-0.0725,1.4717,1.7252,1]},{"frame":51,"values":[-0.9977,-0.068,0.0058,0,0.068,-0.9824,0.1738,0,-0.0061,0.1738,0.9848,0,-0.0725,1.4717,1.7252,1]},{"frame":52,"values":[-0.9741,-0.2253,0.0192,0,0.2252,-0.959,0.1718,0,-0.0203,0.1717,0.9849,0,-0.0725,1.4717,1.7252,1]},{"frame":53,"values":[-0.9307,-0.3645,0.0311,0,0.3643,-0.916,0.1682,0,-0.0329,0.1678,0.9853,0,-0.0725,1.4717,1.7252,1]},{"frame":54,"values":[-0.8761,-0.4804,0.0409,0,0.4802,-0.8618,0.1636,0,-0.0433,0.1629,0.9857,0,-0.0725,1.4717,1.7252,1]},{"frame":55,"values":[-0.8189,-0.5718,0.0487,0,0.5716,-0.805,0.1587,0,-0.0515,0.1578,0.9861,0,-0.0725,1.4717,1.7252,1]},{"frame":56,"values":[-0.7661,-0.6404,0.0546,0,0.6401,-0.7527,0.1543,0,-0.0577,0.1531,0.9865,0,-0.0725,1.4717,1.7252,1]},{"frame":57,"values":[-0.7225,-0.6889,0.0587,0,0.6886,-0.7094,0.1506,0,-0.0621,0.1492,0.9869,0,-0.0725,1.4717,1.7252,1]},{"frame":58,"values":[-0.6908,-0.7204,0.0614,0,0.7201,-0.6779,0.1479,0,-0.0649,0.1464,0.9871,0,-0.0725,1.4717,1.7252,1]},{"frame":59,"values":[-0.6724,-0.7375,0.0628,0,0.7372,-0.6597,0.1463,0,-0.0665,0.1447,0.9872,0,-0.0725,1.4717,1.7252,1]},{"frame":60,"values":[-0.6677,-0.7418,0.0632,0,0.7414,-0.655,0.1459,0,-0.0669,0.1443,0.9873,0,-0.0725,1.4717,1.7252,1]},{"frame":61,"values":[-0.6727,-0.7373,0.0628,0,0.7369,-0.6599,0.1464,0,-0.0665,0.1447,0.9872,0,-0.0731,1.4715,1.7252,1]},{"frame":62,"values":[-0.6832,-0.7276,0.062,0,0.7273,-0.6704,0.1473,0,-0.0656,0.1457,0.9872,0,-0.0748,1.4709,1.7253,1]},{"frame":63,"values":[-0.6986,-0.713,0.0607,0,0.7127,-0.6856,0.1486,0,-0.0643,0.1471,0.987,0,-0.0774,1.4701,1.7254,1]},{"frame":64,"values":[-0.718,-0.6935,0.0591,0,0.6932,-0.7049,0.1502,0,-0.0625,0.1488,0.9869,0,-0.0809,1.4689,1.7255,1]},{"frame":65,"values":[-0.7408,-0.6693,0.057,0,0.669,-0.7275,0.1521,0,-0.0603,0.1508,0.9867,0,-0.0851,1.4675,1.7256,1]},{"frame":66,"values":[-0.7662,-0.6403,0.0546,0,0.6401,-0.7527,0.1543,0,-0.0577,0.1531,0.9865,0,-0.0901,1.4658,1.7257,1]},{"frame":67,"values":[-0.7933,-0.6066,0.0517,0,0.6064,-0.7796,0.1566,0,-0.0547,0.1555,0.9863,0,-0.0958,1.464,1.7259,1]},{"frame":68,"values":[-0.8214,-0.5682,0.0484,0,0.568,-0.8076,0.1589,0,-0.0512,0.1581,0.9861,0,-0.102,1.4619,1.7261,1]},{"frame":69,"values":[-0.8497,-0.5253,0.0448,0,0.5251,-0.8356,0.1613,0,-0.0474,0.1606,0.9859,0,-0.1087,1.4597,1.7262,1]},{"frame":70,"values":[-0.8773,-0.4782,0.0407,0,0.478,-0.863,0.1637,0,-0.0431,0.1631,0.9857,0,-0.1157,1.4573,1.7264,1]},{"frame":71,"values":[-0.9034,-0.4272,0.0364,0,0.4271,-0.8889,0.1659,0,-0.0385,0.1654,0.9855,0,-0.1232,1.4549,1.7267,1]},{"frame":72,"values":[-0.9272,-0.3731,0.0318,0,0.373,-0.9125,0.1679,0,-0.0336,0.1675,0.9853,0,-0.1308,1.4523,1.7269,1]},{"frame":73,"values":[-0.9482,-0.3166,0.027,0,0.3165,-0.9333,0.1697,0,-0.0285,0.1694,0.9851,0,-0.1386,1.4497,1.7271,1]},{"frame":74,"values":[-0.9657,-0.2589,0.0221,0,0.2588,-0.9507,0.1711,0,-0.0233,0.171,0.985,0,-0.1465,1.4471,1.7273,1]},{"frame":75,"values":[-0.9794,-0.2012,0.0171,0,0.2011,-0.9643,0.1723,0,-0.0181,0.1722,0.9849,0,-0.1542,1.4446,1.7275,1]},{"frame":76,"values":[-0.9893,-0.1452,0.0124,0,0.1451,-0.9741,0.1731,0,-0.0131,0.1731,0.9848,0,-0.1616,1.4421,1.7277,1]},{"frame":77,"values":[-0.9956,-0.0932,0.0079,0,0.0931,-0.9804,0.1737,0,-0.0084,0.1737,0.9848,0,-0.1685,1.4398,1.7279,1]},{"frame":78,"values":[-0.9988,-0.048,0.0041,0,0.048,-0.9836,0.1739,0,-0.0043,0.1739,0.9848,0,-0.1745,1.4378,1.7281,1]},{"frame":79,"values":[-0.9999,-0.0143,0.0012,0,0.0143,-0.9846,0.174,0,-0.0013,0.174,0.9847,0,-0.1789,1.4363,1.7282,1]},{"frame":80,"values":[-1,0,0,0,0,-0.9847,0.174,0,0,0.174,0.9847,0,-0.1809,1.4357,1.7283,1]},{"frame":81,"values":[-0.9796,-0.2002,0.0171,0,0.2002,-0.9645,0.1723,0,-0.0181,0.1722,0.9849,0,-0.1809,1.4357,1.7283,1]},{"frame":82,"values":[-0.816,-0.576,0.0491,0,0.5758,-0.8021,0.1585,0,-0.0519,0.1576,0.9862,0,-0.1809,1.4357,1.7283,1]},{"frame":83,"values":[-0.3849,-0.9196,0.0783,0,0.9192,-0.3743,0.122,0,-0.0829,0.119,0.9894,0,-0.1809,1.4357,1.7283,1]},{"frame":84,"values":[0.3242,-0.9426,0.0803,0,0.9422,0.3293,0.0621,0,-0.085,0.0555,0.9948,0,-0.1809,1.4357,1.7283,1]},{"frame":85,"values":[0.5778,-0.8132,0.0693,0,0.8129,0.581,0.0406,0,-0.0733,0.0328,0.9968,0,-0.1809,1.4357,1.7283,1]},{"frame":86,"values":[0.5449,-0.8355,0.0712,0,0.8351,0.5483,0.0434,0,-0.0753,0.0358,0.9965,0,-0.1809,1.4357,1.7283,1]},{"frame":87,"values":[0.4355,-0.897,0.0764,0,0.8966,0.4398,0.0527,0,-0.0809,0.0456,0.9957,0,-0.1809,1.4357,1.7283,1]},{"frame":88,"values":[0.2265,-0.9705,0.0827,0,0.9701,0.2324,0.0703,0,-0.0875,0.0643,0.9941,0,-0.1809,1.4357,1.7283,1]},{"frame":89,"values":[-0.0908,-0.9923,0.0845,0,0.9918,-0.0825,0.0972,0,-0.0895,0.0927,0.9917,0,-0.1809,1.4357,1.7283,1]},{"frame":90,"values":[-0.4594,-0.885,0.0754,0,0.8846,-0.4483,0.1283,0,-0.0798,0.1257,0.9889,0,-0.1809,1.4357,1.7283,1]},{"frame":91,"values":[-0.7603,-0.6472,0.0551,0,0.6469,-0.7469,0.1538,0,-0.0583,0.1526,0.9866,0,-0.1809,1.4357,1.7283,1]},{"frame":92,"values":[-0.9258,-0.3766,0.0321,0,0.3764,-0.9111,0.1678,0,-0.0339,0.1674,0.9853,0,-0.1809,1.4357,1.7283,1]},{"frame":93,"values":[-0.9863,-0.1641,0.014,0,0.1641,-0.9712,0.1729,0,-0.0148,0.1728,0.9849,0,-0.1809,1.4357,1.7283,1]},{"frame":94,"values":[-0.9992,-0.0397,0.0034,0,0.0397,-0.984,0.174,0,-0.0036,0.174,0.9848,0,-0.1809,1.4357,1.7283,1]},{"frame":95,"values":[-1,0,0,0,0,-0.9847,0.174,0,0,0.174,0.9847,0,-0.1809,1.4357,1.7283,1]},{"frame":111,"values":[-0.9971,0.076,-0.0051,0,-0.0757,-0.9805,0.1812,0,0.0087,0.1811,0.9834,0,-0.1809,1.4357,1.7283,1]},{"frame":112,"values":[-0.9564,0.291,-0.0229,0,-0.2896,-0.9361,0.1995,0,0.0366,0.1974,0.9796,0,-0.1809,1.4357,1.7283,1]},{"frame":113,"values":[-0.8348,0.5482,-0.0513,0,-0.5452,-0.8099,0.2165,0,0.0771,0.2088,0.9749,0,-0.1809,1.4357,1.7283,1]},{"frame":114,"values":[-0.6946,0.7154,-0.0758,0,-0.711,-0.6666,0.2237,0,0.1095,0.2093,0.9717,0,-0.1809,1.4357,1.7283,1]},{"frame":115,"values":[-0.6378,0.7655,-0.0846,0,-0.7607,-0.6089,0.2249,0,0.1206,0.2078,0.9707,0,-0.1809,1.4357,1.7283,1]},{"frame":116,"values":[-0.7605,0.646,-0.0649,0,-0.6422,-0.7339,0.2212,0,0.0953,0.21,0.9731,0,-0.1809,1.4357,1.7283,1]},{"frame":117,"values":[-0.9457,0.324,-0.0261,0,-0.3225,-0.9248,0.202,0,0.0413,0.1994,0.9791,0,-0.1809,1.4357,1.7283,1]},{"frame":118,"values":[-0.9875,0.1574,-0.0113,0,-0.1567,-0.9695,0.1885,0,0.0187,0.1879,0.982,0,-0.1809,1.4357,1.7283,1]},{"frame":120,"values":[-0.9875,0.1574,-0.0113,0,-0.1567,-0.9695,0.1885,0,0.0187,0.1879,0.982,0,-0.1809,1.4357,1.7283,1]}],"loopBehavior":1,"name":"anim","property":"_matrix"}},
{"name":"Bone.003","index":3,"matrix":[-1,0,0,0,0,0.9898,0.1421,0,0,0.1421,-0.9898,0,0,0.8333,0,1],"parentBoneIndex":2,"animation":{"dataType":3,"framePerSecond":24,"keys":[{"frame":0,"values":[-1,0,0,0,0,0.9898,0.1421,0,0,0.1421,-0.9898,0,0,0.8333,0,1]},{"frame":1,"values":[-1,-0.0028,0.0001,0,-0.0028,0.9898,0.1421,0,-0.0005,0.1421,-0.9898,0,0,0.8333,0,1]},{"frame":2,"values":[-0.9999,-0.0115,0.0003,0,-0.0113,0.9898,0.1421,0,-0.0019,0.1421,-0.9898,0,0,0.8333,0,1]},{"frame":3,"values":[-0.9997,-0.0259,0.0006,0,-0.0255,0.9895,0.1421,0,-0.0043,0.1421,-0.9898,0,0,0.8333,0,1]},{"frame":4,"values":[-0.9989,-0.046,0.0011,0,-0.0454,0.9888,0.1422,0,-0.0076,0.142,-0.9898,0,0,0.8333,0,1]},{"frame":5,"values":[-0.9974,-0.0717,0.0017,0,-0.0707,0.9873,0.1422,0,-0.0119,0.1417,-0.9898,0,0,0.8333,0,1]},{"frame":6,"values":[-0.9947,-0.1024,0.0024,0,-0.101,0.9847,0.1423,0,-0.0169,0.1413,-0.9898,0,0,0.8333,0,1]},{"frame":7,"values":[-0.9905,-0.1374,0.0032,0,-0.1356,0.9805,0.1424,0,-0.0227,0.1406,-0.9898,0,0,0.8333,0,1]},{"frame":8,"values":[-0.9844,-0.1759,0.0041,0,-0.1736,0.9745,0.1425,0,-0.0291,0.1396,-0.9898,0,0,0.8333,0,1]},{"frame":9,"values":[-0.9762,-0.2167,0.0051,0,-0.2137,0.9664,0.1427,0,-0.0358,0.1382,-0.9898,0,0,0.8333,0,1]},{"frame":10,"values":[-0.966,-0.2583,0.0061,0,-0.2548,0.9564,0.1429,0,-0.0427,0.1365,-0.9897,0,0,0.8333,0,1]},{"frame":11,"values":[-0.9541,-0.2995,0.0071,0,-0.2954,0.9446,0.1432,0,-0.0496,0.1345,-0.9897,0,0,0.8333,0,1]},{"frame":12,"values":[-0.9408,-0.3389,0.008,0,-0.3343,0.9315,0.1435,0,-0.0561,0.1324,-0.9896,0,0,0.8333,0,1]},{"frame":13,"values":[-0.9269,-0.3753,0.0088,0,-0.3702,0.9178,0.1438,0,-0.0621,0.13,-0.9896,0,0,0.8333,0,1]},{"frame":14,"values":[-0.913,-0.4077,0.0096,0,-0.4022,0.9041,0.1442,0,-0.0675,0.1278,-0.9895,0,0,0.8333,0,1]},{"frame":15,"values":[-0.9,-0.4357,0.0103,0,-0.4298,0.8913,0.1445,0,-0.0721,0.1256,-0.9895,0,0,0.8333,0,1]},{"frame":16,"values":[-0.8885,-0.4587,0.0108,0,-0.4525,0.88,0.1447,0,-0.0759,0.1237,-0.9894,0,0,0.8333,0,1]},{"frame":17,"values":[-0.8791,-0.4765,0.0112,0,-0.4701,0.8707,0.1449,0,-0.0788,0.1221,-0.9894,0,0,0.8333,0,1]},{"frame":18,"values":[-0.8721,-0.4891,0.0115,0,-0.4825,0.8638,0.1451,0,-0.0809,0.121,-0.9893,0,0,0.8333,0,1]},{"frame":19,"values":[-0.8679,-0.4966,0.0117,0,-0.4899,0.8596,0.1452,0,-0.0822,0.1203,-0.9893,0,0,0.8333,0,1]},{"frame":20,"values":[-0.8665,-0.4991,0.0118,0,-0.4924,0.8582,0.1452,0,-0.0826,0.1201,-0.9893,0,0,0.8333,0,1]},{"frame":21,"values":[-0.8665,-0.4991,0.0118,0,-0.4924,0.8582,0.1452,0,-0.0826,0.1201,-0.9893,0,0,0.8333,0,1]},{"frame":22,"values":[-0.8665,-0.4991,0.0118,0,-0.4924,0.8582,0.1452,0,-0.0826,0.1201,-0.9893,0,0,0.8333,0,1]},{"frame":23,"values":[-0.8665,-0.4991,0.0118,0,-0.4924,0.8582,0.1452,0,-0.0826,0.1201,-0.9893,0,0,0.8333,0,1]},{"frame":24,"values":[-0.8665,-0.4991,0.0118,0,-0.4924,0.8582,0.1452,0,-0.0826,0.1201,-0.9893,0,0,0.8333,0,1]},{"frame":25,"values":[-0.8665,-0.4991,0.0118,0,-0.4924,0.8582,0.1452,0,-0.0826,0.1201,-0.9893,0,0,0.8333,0,1]},{"frame":26,"values":[-0.8665,-0.4991,0.0118,0,-0.4924,0.8582,0.1452,0,-0.0826,0.1201,-0.9893,0,0,0.8333,0,1]},{"frame":27,"values":[-0.8665,-0.4991,0.0118,0,-0.4924,0.8582,0.1452,0,-0.0826,0.1201,-0.9893,0,0,0.8333,0,1]},{"frame":28,"values":[-0.8665,-0.4991,0.0118,0,-0.4924,0.8582,0.1452,0,-0.0826,0.1201,-0.9893,0,0,0.8333,0,1]},{"frame":29,"values":[-0.8665,-0.4991,0.0118,0,-0.4924,0.8582,0.1452,0,-0.0826,0.1201,-0.9893,0,0,0.8333,0,1]},{"frame":30,"values":[-0.8665,-0.4991,0.0118,0,-0.4924,0.8582,0.1452,0,-0.0826,0.1201,-0.9893,0,0,0.8333,0,1]},{"frame":31,"values":[-0.8665,-0.4991,0.0118,0,-0.4924,0.8582,0.1452,0,-0.0826,0.1201,-0.9893,0,0,0.8333,0,1]},{"frame":32,"values":[-0.8665,-0.4991,0.0118,0,-0.4924,0.8582,0.1452,0,-0.0826,0.1201,-0.9893,0,0,0.8333,0,1]},{"frame":33,"values":[-0.8665,-0.4991,0.0118,0,-0.4924,0.8582,0.1452,0,-0.0826,0.1201,-0.9893,0,0,0.8333,0,1]},{"frame":34,"values":[-0.8665,-0.4991,0.0118,0,-0.4924,0.8582,0.1452,0,-0.0826,0.1201,-0.9893,0,0,0.8333,0,1]},{"frame":35,"values":[-0.8665,-0.4991,0.0118,0,-0.4924,0.8582,0.1452,0,-0.0826,0.1201,-0.9893,0,0,0.8333,0,1]},{"frame":36,"values":[-0.8665,-0.4991,0.0118,0,-0.4924,0.8582,0.1452,0,-0.0826,0.1201,-0.9893,0,0,0.8333,0,1]},{"frame":37,"values":[-0.8665,-0.4991,0.0118,0,-0.4924,0.8582,0.1452,0,-0.0826,0.1201,-0.9893,0,0,0.8333,0,1]},{"frame":38,"values":[-0.8665,-0.4991,0.0118,0,-0.4924,0.8582,0.1452,0,-0.0826,0.1201,-0.9893,0,0,0.8333,0,1]},{"frame":39,"values":[-0.8665,-0.4991,0.0118,0,-0.4924,0.8582,0.1452,0,-0.0826,0.1201,-0.9893,0,0,0.8333,0,1]},{"frame":40,"values":[-0.8665,-0.4991,0.0118,0,-0.4924,0.8582,0.1452,0,-0.0826,0.1201,-0.9893,0,0,0.8333,0,1]},{"frame":41,"values":[-0.8663,-0.4993,0.0118,0,-0.4926,0.8581,0.1452,0,-0.0826,0.12,-0.9893,0,0,0.8333,0,1]},{"frame":42,"values":[-0.8659,-0.5,0.0118,0,-0.4933,0.8577,0.1453,0,-0.0827,0.12,-0.9893,0,0,0.8333,0,1]},{"frame":43,"values":[-0.8652,-0.5012,0.0118,0,-0.4944,0.857,0.1453,0,-0.0829,0.1199,-0.9893,0,0,0.8333,0,1]},{"frame":44,"values":[-0.8643,-0.5028,0.0118,0,-0.4961,0.8561,0.1453,0,-0.0832,0.1197,-0.9893,0,0,0.8333,0,1]},{"frame":45,"values":[-0.8631,-0.5049,0.0119,0,-0.4981,0.8549,0.1453,0,-0.0835,0.1195,-0.9893,0,0,0.8333,0,1]},{"frame":46,"values":[-0.8616,-0.5074,0.012,0,-0.5006,0.8534,0.1454,0,-0.084,0.1193,-0.9893,0,0,0.8333,0,1]},{"frame":47,"values":[-0.8599,-0.5102,0.012,0,-0.5034,0.8518,0.1454,0,-0.0844,0.119,-0.9893,0,0,0.8333,0,1]},{"frame":48,"values":[-0.8581,-0.5134,0.0121,0,-0.5064,0.8499,0.1454,0,-0.0849,0.1187,-0.9893,0,0,0.8333,0,1]},{"frame":49,"values":[-0.8561,-0.5167,0.0122,0,-0.5097,0.848,0.1455,0,-0.0855,0.1183,-0.9893,0,0,0.8333,0,1]},{"frame":50,"values":[-0.854,-0.5201,0.0123,0,-0.5131,0.8459,0.1455,0,-0.086,0.118,-0.9893,0,0,0.8333,0,1]},{"frame":51,"values":[-0.852,-0.5235,0.0123,0,-0.5164,0.8439,0.1456,0,-0.0866,0.1177,-0.9893,0,0,0.8333,0,1]},{"frame":52,"values":[-0.8499,-0.5268,0.0124,0,-0.5196,0.8419,0.1456,0,-0.0872,0.1173,-0.9893,0,0,0.8333,0,1]},{"frame":53,"values":[-0.848,-0.5298,0.0125,0,-0.5227,0.84,0.1457,0,-0.0877,0.117,-0.9893,0,0,0.8333,0,1]},{"frame":54,"values":[-0.8463,-0.5326,0.0125,0,-0.5254,0.8383,0.1457,0,-0.0881,0.1167,-0.9892,0,0,0.8333,0,1]},{"frame":55,"values":[-0.8447,-0.5351,0.0126,0,-0.5278,0.8367,0.1457,0,-0.0885,0.1165,-0.9892,0,0,0.8333,0,1]},{"frame":56,"values":[-0.8434,-0.5371,0.0127,0,-0.5298,0.8355,0.1458,0,-0.0889,0.1162,-0.9892,0,0,0.8333,0,1]},{"frame":57,"values":[-0.8424,-0.5387,0.0127,0,-0.5314,0.8345,0.1458,0,-0.0891,0.1161,-0.9892,0,0,0.8333,0,1]},{"frame":58,"values":[-0.8417,-0.5398,0.0127,0,-0.5326,0.8337,0.1458,0,-0.0893,0.116,-0.9892,0,0,0.8333,0,1]},{"frame":59,"values":[-0.8412,-0.5405,0.0127,0,-0.5332,0.8333,0.1458,0,-0.0894,0.1159,-0.9892,0,0,0.8333,0,1]},{"frame":60,"values":[-0.8411,-0.5407,0.0127,0,-0.5334,0.8332,0.1458,0,-0.0895,0.1159,-0.9892,0,0,0.8333,0,1]},{"frame":61,"values":[-0.8427,-0.5382,0.0127,0,-0.531,0.8348,0.1458,0,-0.0891,0.1161,-0.9892,0,0,0.8333,0,1]},{"frame":62,"values":[-0.8473,-0.531,0.0125,0,-0.5238,0.8393,0.1457,0,-0.0879,0.1169,-0.9893,0,0,0.8333,0,1]},{"frame":63,"values":[-0.8545,-0.5194,0.0122,0,-0.5124,0.8463,0.1455,0,-0.0859,0.1181,-0.9893,0,0,0.8333,0,1]},{"frame":64,"values":[-0.8638,-0.5037,0.0119,0,-0.4969,0.8556,0.1453,0,-0.0833,0.1196,-0.9893,0,0,0.8333,0,1]},{"frame":65,"values":[-0.8749,-0.4842,0.0114,0,-0.4776,0.8665,0.145,0,-0.0801,0.1215,-0.9894,0,0,0.8333,0,1]},{"frame":66,"values":[-0.8873,-0.461,0.0109,0,-0.4548,0.8787,0.1448,0,-0.0763,0.1235,-0.9894,0,0,0.8333,0,1]},{"frame":67,"values":[-0.9006,-0.4345,0.0102,0,-0.4286,0.8919,0.1444,0,-0.0719,0.1257,-0.9895,0,0,0.8333,0,1]},{"frame":68,"values":[-0.9144,-0.4048,0.0095,0,-0.3993,0.9054,0.1441,0,-0.067,0.128,-0.9895,0,0,0.8333,0,1]},{"frame":69,"values":[-0.9281,-0.3722,0.0088,0,-0.3672,0.919,0.1438,0,-0.0616,0.1302,-0.9896,0,0,0.8333,0,1]},{"frame":70,"values":[-0.9414,-0.3371,0.0079,0,-0.3325,0.9321,0.1435,0,-0.0558,0.1325,-0.9896,0,0,0.8333,0,1]},{"frame":71,"values":[-0.954,-0.2997,0.0071,0,-0.2957,0.9445,0.1432,0,-0.0496,0.1345,-0.9897,0,0,0.8333,0,1]},{"frame":72,"values":[-0.9654,-0.2607,0.0061,0,-0.2572,0.9557,0.1429,0,-0.0431,0.1364,-0.9897,0,0,0.8333,0,1]},{"frame":73,"values":[-0.9754,-0.2205,0.0052,0,-0.2175,0.9656,0.1427,0,-0.0365,0.1381,-0.9898,0,0,0.8333,0,1]},{"frame":74,"values":[-0.9837,-0.1798,0.0042,0,-0.1774,0.9738,0.1425,0,-0.0297,0.1394,-0.9898,0,0,0.8333,0,1]},{"frame":75,"values":[-0.9902,-0.1395,0.0033,0,-0.1376,0.9802,0.1424,0,-0.0231,0.1405,-0.9898,0,0,0.8333,0,1]},{"frame":76,"values":[-0.9949,-0.1006,0.0024,0,-0.0992,0.9848,0.1423,0,-0.0166,0.1413,-0.9898,0,0,0.8333,0,1]},{"frame":77,"values":[-0.9979,-0.0645,0.0015,0,-0.0637,0.9878,0.1422,0,-0.0107,0.1418,-0.9898,0,0,0.8333,0,1]},{"frame":78,"values":[-0.9994,-0.0333,0.0008,0,-0.0328,0.9893,0.1422,0,-0.0055,0.142,-0.9898,0,0,0.8333,0,1]},{"frame":79,"values":[-1,-0.0099,0.0002,0,-0.0098,0.9898,0.1421,0,-0.0016,0.1421,-0.9898,0,0,0.8333,0,1]},{"frame":80,"values":[-1,0,0,0,0,0.9898,0.1421,0,0,0.1421,-0.9898,0,0,0.8333,0,1]},{"frame":81,"values":[-1,0,0,0,0,0.9898,0.1421,0,0,0.1421,-0.9898,0,0,0.8333,0,1]},{"frame":82,"values":[-1,0,0,0,0,0.9898,0.1421,0,0,0.1421,-0.9898,0,0,0.8333,0,1]},{"frame":83,"values":[-1,0,0,0,0,0.9898,0.1421,0,0,0.1421,-0.9898,0,0,0.8333,0,1]},{"frame":84,"values":[-1,0,0,0,0,0.9898,0.1421,0,0,0.1421,-0.9898,0,0,0.8333,0,1]},{"frame":85,"values":[-1,0,0,0,0,0.9898,0.1421,0,0,0.1421,-0.9898,0,0,0.8333,0,1]},{"frame":86,"values":[-1,0,0,0,0,0.9898,0.1421,0,0,0.1421,-0.9898,0,0,0.8333,0,1]},{"frame":87,"values":[-1,0,0,0,0,0.9898,0.1421,0,0,0.1421,-0.9898,0,0,0.8333,0,1]},{"frame":88,"values":[-1,0,0,0,0,0.9898,0.1421,0,0,0.1421,-0.9898,0,0,0.8333,0,1]},{"frame":89,"values":[-1,0,0,0,0,0.9898,0.1421,0,0,0.1421,-0.9898,0,0,0.8333,0,1]},{"frame":90,"values":[-1,0,0,0,0,0.9898,0.1421,0,0,0.1421,-0.9898,0,0,0.8333,0,1]},{"frame":91,"values":[-1,0,0,0,0,0.9898,0.1421,0,0,0.1421,-0.9898,0,0,0.8333,0,1]},{"frame":92,"values":[-1,0,0,0,0,0.9898,0.1421,0,0,0.1421,-0.9898,0,0,0.8333,0,1]},{"frame":93,"values":[-1,0,0,0,0,0.9898,0.1421,0,0,0.1421,-0.9898,0,0,0.8333,0,1]},{"frame":94,"values":[-1,0,0,0,0,0.9898,0.1421,0,0,0.1421,-0.9898,0,0,0.8333,0,1]},{"frame":95,"values":[-1,0,0,0,0,0.9898,0.1421,0,0,0.1421,-0.9898,0,0,0.8333,0,1]},{"frame":111,"values":[-0.9941,-0.1079,0.0054,0,-0.1063,0.9856,0.1319,0,-0.0195,0.1305,-0.9913,0,0,0.8333,0,1]},{"frame":112,"values":[-0.9093,-0.4152,0.0275,0,-0.4104,0.9058,0.1055,0,-0.0687,0.0847,-0.994,0,0,0.8333,0,1]},{"frame":113,"values":[-0.6561,-0.7517,0.0674,0,-0.747,0.6595,0.0834,0,-0.1071,0.0044,-0.9942,0,0,0.8333,0,1]},{"frame":114,"values":[-0.385,-0.9173,0.1015,0,-0.9161,0.3932,0.0787,0,-0.1121,-0.0627,-0.9917,0,0,0.8333,0,1]},{"frame":115,"values":[-0.2833,-0.9523,0.1131,0,-0.9528,0.2929,0.0795,0,-0.1089,-0.0852,-0.9904,0,0,0.8333,0,1]},{"frame":116,"values":[-0.4094,-0.907,0.0986,0,-0.9054,0.4172,0.0786,0,-0.1125,-0.0571,-0.992,0,0,0.8333,0,1]},{"frame":117,"values":[-0.654,-0.7535,0.0677,0,-0.7489,0.6575,0.0833,0,-0.1073,0.0038,-0.9942,0,0,0.8333,0,1]},{"frame":118,"values":[-0.7497,-0.6596,0.0541,0,-0.6544,0.751,0.0884,0,-0.0989,0.0309,-0.9946,0,0,0.8333,0,1]},{"frame":120,"values":[-0.7497,-0.6596,0.0541,0,-0.6544,0.751,0.0884,0,-0.0989,0.0309,-0.9946,0,0,0.8333,0,1]}],"loopBehavior":1,"name":"anim","property":"_matrix"}},
